1.528e-06	-53.6146623
1.52802e-06	-56.6796517
1.52804e-06	-55.941101
1.52806e-06	-53.7088388
1.52808e-06	-55.1381305
1.5281e-06	-56.2821989
1.52812e-06	-56.7229032
1.52814e-06	-55.3831239
1.52816e-06	-53.7078388
1.52818e-06	-55.7026379
1.5282e-06	-54.0442353
1.52822e-06	-54.211032
1.52824e-06	-56.990557
1.52826e-06	-55.3821239
1.52828e-06	-55.0067672
1.5283e-06	-53.9415623
1.52832e-06	-56.7155538
1.52834e-06	-52.4152116
1.52836e-06	-53.5745564
1.52838e-06	-55.2433143
1.5284e-06	-58.5506659
1.52842e-06	-56.2974559
1.52844e-06	-53.7249215
1.52846e-06	-56.4559321
1.52848e-06	-53.5807184
1.5285e-06	-52.954746
1.52852e-06	-54.9536979
1.52854e-06	-56.0772952
1.52856e-06	-54.9283867
1.52858e-06	-55.9159288
1.5286e-06	-54.1664709
1.52862e-06	-55.2423143
1.52864e-06	-58.5303421
1.52866e-06	-53.9992797
1.52868e-06	-53.303927
1.5287e-06	-54.0815803
1.52872e-06	-55.2959146
1.52874e-06	-52.8586701
1.52876e-06	-54.8275927
1.52878e-06	-53.2350124
1.5288e-06	-54.1223232
1.52882e-06	-56.2771989
1.52884e-06	-52.9075894
1.52886e-06	-56.7980634
1.52888e-06	-53.6086623
1.5289e-06	-56.6862493
1.52892e-06	-54.6101018
1.52894e-06	-53.9972797
1.52896e-06	-54.3805727
1.52898e-06	-55.3492101
1.529e-06	-51.3489901
1.52902e-06	-51.2073299
1.52904e-06	-50.9371615
1.52906e-06	-49.1530829
1.52908e-06	-48.4788788
1.5291e-06	-48.7079458
1.52912e-06	-48.7321376
1.52914e-06	-48.393896
1.52916e-06	-48.5364719
1.52918e-06	-48.9423384
1.5292e-06	-48.1010328
1.52922e-06	-48.392896
1.52924e-06	-48.3519466
1.52926e-06	-48.1527982
1.52928e-06	-48.6056074
1.5293e-06	-48.1954764
1.52932e-06	-47.7572891
1.52934e-06	-47.996388
1.52936e-06	-46.2585818
1.52938e-06	-43.2312934
1.5294e-06	-40.4017344
1.52942e-06	-39.0313039
1.52944e-06	-37.9967963
1.52946e-06	-37.5799869
1.52948e-06	-36.784847
1.5295e-06	-35.6212117
1.52952e-06	-34.671065
1.52954e-06	-33.75809
1.52956e-06	-32.7325983
1.52958e-06	-31.7720362
1.5296e-06	-31.1841004
1.52962e-06	-30.8983673
1.52964e-06	-30.7021841
1.52966e-06	-30.8636186
1.52968e-06	-31.3702368
1.5297e-06	-32.1598637
1.52972e-06	-33.3506126
1.52974e-06	-35.0282792
1.52976e-06	-37.3672488
1.52978e-06	-40.324635
1.5298e-06	-43.6877528
1.52982e-06	-46.0773446
1.52984e-06	-47.4627402
1.52986e-06	-47.3244446
1.52988e-06	-47.2461191
1.5299e-06	-47.0693634
1.52992e-06	-47.1301682
1.52994e-06	-46.9775405
1.52996e-06	-47.35429
1.52998e-06	-46.9191412
1.53e-06	-47.2279038
1.53002e-06	-47.2022077
1.53004e-06	-46.6308814
1.53006e-06	-47.1851613
1.53008e-06	-47.130218
1.5301e-06	-46.3227891
1.53012e-06	-46.2432954
1.53014e-06	-44.9446006
1.53016e-06	-42.5034401
1.53018e-06	-38.6893507
1.5302e-06	-36.7652749
1.53022e-06	-35.7874101
1.53024e-06	-35.1910984
1.53026e-06	-34.9707953
1.53028e-06	-34.1496543
1.5303e-06	-33.2477063
1.53032e-06	-32.2104708
1.53034e-06	-31.1967481
1.53036e-06	-30.3142233
1.53038e-06	-29.5782212
1.5304e-06	-28.9436362
1.53042e-06	-28.6504994
1.53044e-06	-28.6687292
1.53046e-06	-28.9185888
1.53048e-06	-29.4710345
1.5305e-06	-30.6733971
1.53052e-06	-32.4288015
1.53054e-06	-34.490478
1.53056e-06	-37.8251916
1.53058e-06	-41.9502201
1.5306e-06	-44.5624625
1.53062e-06	-45.8570141
1.53064e-06	-45.7885749
1.53066e-06	-45.8570141
1.53068e-06	-45.9810535
1.5307e-06	-45.9907438
1.53072e-06	-46.0591851
1.53074e-06	-45.6548494
1.53076e-06	-45.9832809
1.53078e-06	-46.0603751
1.5308e-06	-45.5226669
1.53082e-06	-45.9043598
1.53084e-06	-45.532842
1.53086e-06	-45.55619
1.53088e-06	-45.532842
1.5309e-06	-44.9001555
1.53092e-06	-43.53866
1.53094e-06	-40.3944094
1.53096e-06	-37.1413655
1.53098e-06	-35.8813536
1.531e-06	-34.8104329
1.53102e-06	-34.2451466
1.53104e-06	-33.8035214
1.53106e-06	-32.9763962
1.53108e-06	-31.9866383
1.5311e-06	-30.8691214
1.53112e-06	-29.9960382
1.53114e-06	-29.2579561
1.53116e-06	-28.548663
1.53118e-06	-28.1280883
1.5312e-06	-28.0494076
1.53122e-06	-28.1593778
1.53124e-06	-28.4936151
1.53126e-06	-29.2105656
1.53128e-06	-30.3084364
1.5313e-06	-31.9033144
1.53132e-06	-34.1706023
1.53134e-06	-37.2271038
1.53136e-06	-41.1694286
1.53138e-06	-44.2345524
1.5314e-06	-45.8072683
1.53142e-06	-45.7845749
1.53144e-06	-45.3866949
1.53146e-06	-45.6538431
1.53148e-06	-45.6359112
1.5315e-06	-45.5815529
1.53152e-06	-45.6828969
1.53154e-06	-45.4940541
1.53156e-06	-45.5845002
1.53158e-06	-45.4253029
1.5316e-06	-45.6558389
1.53162e-06	-45.5114135
1.53164e-06	-45.6103736
1.53166e-06	-45.26032
1.53168e-06	-45.2117973
1.5317e-06	-43.6881709
1.53172e-06	-41.0810212
1.53174e-06	-37.0538456
1.53176e-06	-34.8207545
1.53178e-06	-33.7420021
1.5318e-06	-32.9808479
1.53182e-06	-32.909705
1.53184e-06	-32.3417896
1.53186e-06	-31.6136625
1.53188e-06	-30.6942818
1.5319e-06	-29.7375229
1.53192e-06	-28.9651076
1.53194e-06	-28.2576566
1.53196e-06	-27.660537
1.53198e-06	-27.3338912
1.532e-06	-27.3223457
1.53202e-06	-27.5967366
1.53204e-06	-28.1860888
1.53206e-06	-29.2670211
1.53208e-06	-31.1113668
1.5321e-06	-33.7334468
1.53212e-06	-37.544176
1.53214e-06	-41.8519342
1.53216e-06	-44.5945999
1.53218e-06	-45.2928063
1.5322e-06	-45.7805749
1.53222e-06	-45.6909687
1.53224e-06	-45.1737642
1.53226e-06	-45.4871678
1.53228e-06	-45.7981339
1.5323e-06	-45.5805
1.53232e-06	-45.4900541
1.53234e-06	-45.4469573
1.53236e-06	-45.4987251
1.53238e-06	-45.4127847
1.5324e-06	-45.5074135
1.53242e-06	-45.6165096
1.53244e-06	-45.4799198
1.53246e-06	-44.9316001
1.53248e-06	-43.7707793
1.5325e-06	-41.6578239
1.53252e-06	-38.0835243
1.53254e-06	-35.8768253
1.53256e-06	-34.9333148
1.53258e-06	-34.2112526
1.5326e-06	-34.2048772
1.53262e-06	-33.7034329
1.53264e-06	-32.8863459
1.53266e-06	-31.9689621
1.53268e-06	-30.9700339
1.5327e-06	-30.1267006
1.53272e-06	-29.4290232
1.53274e-06	-28.8960071
1.53276e-06	-28.6535137
1.53278e-06	-28.6587249
1.5328e-06	-28.8504303
1.53282e-06	-29.409531
1.53284e-06	-30.4320891
1.53286e-06	-32.0583563
1.53288e-06	-34.1692051
1.5329e-06	-37.0604102
1.53292e-06	-41.1819892
1.53294e-06	-44.4346291
1.53296e-06	-45.8628686
1.53298e-06	-46.3207637
1.533e-06	-46.473903
1.53302e-06	-46.1762246
1.53304e-06	-46.4811588
1.53306e-06	-46.244453
1.53308e-06	-46.473903
1.5331e-06	-46.707496
1.53312e-06	-46.4427999
1.53314e-06	-46.4278264
1.53316e-06	-46.5490862
1.53318e-06	-46.6429341
1.5332e-06	-46.3267683
1.53322e-06	-46.5942033
1.53324e-06	-46.1347957
1.53326e-06	-45.3003128
1.53328e-06	-43.5403996
1.5333e-06	-39.7942592
1.53332e-06	-37.4763002
1.53334e-06	-36.4084195
1.53336e-06	-35.7055137
1.53338e-06	-35.8259222
1.5334e-06	-35.3152152
1.53342e-06	-34.4461023
1.53344e-06	-33.5919015
1.53346e-06	-32.7521909
1.53348e-06	-31.864625
1.5335e-06	-31.1214691
1.53352e-06	-30.6300753
1.53354e-06	-30.3619667
1.53356e-06	-30.3125951
1.53358e-06	-30.4989667
1.5336e-06	-31.0183441
1.53362e-06	-32.003666
1.53364e-06	-33.4972075
1.53366e-06	-35.5786217
1.53368e-06	-38.5232627
1.5337e-06	-42.0734737
1.53372e-06	-45.6229112
1.53374e-06	-46.8841622
1.53376e-06	-47.2621055
1.53378e-06	-47.8101807
1.5338e-06	-47.0549977
1.53382e-06	-47.3241898
1.53384e-06	-47.5592256
1.53386e-06	-47.9438587
1.53388e-06	-47.6820921
1.5339e-06	-47.5313586
1.53392e-06	-47.7878411
1.53394e-06	-47.4116275
1.53396e-06	-48.1036146
1.53398e-06	-47.842216
1.534e-06	-47.623952
1.53402e-06	-48.1692639
1.53404e-06	-47.1430635
1.53406e-06	-44.5504501
1.53408e-06	-41.443289
1.5341e-06	-40.0529385
1.53412e-06	-39.0484197
1.53414e-06	-38.5012174
1.53416e-06	-38.1876074
1.53418e-06	-37.4692781
1.5342e-06	-36.6966087
1.53422e-06	-35.8699307
1.53424e-06	-35.0976007
1.53426e-06	-34.4649149
1.53428e-06	-33.8471625
1.5343e-06	-33.476869
1.53432e-06	-33.3845715
1.53434e-06	-33.489981
1.53436e-06	-33.8134585
1.53438e-06	-34.4817452
1.5344e-06	-35.5046306
1.53442e-06	-36.99863
1.53444e-06	-38.9375055
1.53446e-06	-41.3189656
1.53448e-06	-44.3758591
1.5345e-06	-46.8673018
1.53452e-06	-48.5866074
1.53454e-06	-48.5048921
1.53456e-06	-49.2004082
1.53458e-06	-49.6203891
1.5346e-06	-48.8237006
1.53462e-06	-49.466005
1.53464e-06	-49.4690113
1.53466e-06	-50.1912013
1.53468e-06	-49.036013
1.5347e-06	-48.8257006
1.53472e-06	-49.6609203
1.53474e-06	-49.9572777
1.53476e-06	-49.5935963
1.53478e-06	-49.4774265
1.5348e-06	-49.6694659
1.53482e-06	-49.0684974
1.53484e-06	-48.2066686
1.53486e-06	-47.0569146
1.53488e-06	-45.2874737
1.5349e-06	-43.2695852
1.53492e-06	-41.5018088
1.53494e-06	-40.3588842
1.53496e-06	-39.4036188
1.53498e-06	-38.5010453
1.535e-06	-37.8165538
1.53502e-06	-37.1649228
1.53504e-06	-36.7023119
1.53506e-06	-36.5276619
1.53508e-06	-36.6731334
1.5351e-06	-36.914908
1.53512e-06	-37.4964132
1.53514e-06	-38.3936171
1.53516e-06	-39.4885825
1.53518e-06	-40.5628934
1.5352e-06	-41.8701226
1.53522e-06	-43.2502963
1.53524e-06	-45.3750253
1.53526e-06	-47.2587966
1.53528e-06	-49.2543103
1.5353e-06	-50.6108137
1.53532e-06	-50.7149927
1.53534e-06	-51.2228253
1.53536e-06	-50.3397712
1.53538e-06	-51.4789855
1.5354e-06	-50.3057534
1.53542e-06	-50.9634904
1.53544e-06	-51.5607152
1.53546e-06	-50.9140593
1.53548e-06	-49.858416
1.5355e-06	-51.5627152
1.53552e-06	-50.7671857
1.53554e-06	-50.6054657
1.53556e-06	-52.1351899
1.53558e-06	-51.8276717
1.5356e-06	-50.9563572
1.53562e-06	-50.3097534
1.53564e-06	-48.7666233
1.53566e-06	-47.9611503
1.53568e-06	-46.5025295
1.5357e-06	-44.8880674
1.53572e-06	-43.8960596
1.53574e-06	-43.0178983
1.53576e-06	-42.1658283
1.53578e-06	-41.5142074
1.5358e-06	-40.8472176
1.53582e-06	-40.3074363
1.53584e-06	-39.9456449
1.53586e-06	-39.8414312
1.53588e-06	-40.0912151
1.5359e-06	-40.4070621
1.53592e-06	-40.9844267
1.53594e-06	-41.8035482
1.53596e-06	-42.9846629
1.53598e-06	-43.8891342
1.536e-06	-44.8601858
1.53602e-06	-47.1952019
1.53604e-06	-48.1961046
1.53606e-06	-49.5718373
1.53608e-06	-52.2643647
1.5361e-06	-52.848025
1.53612e-06	-53.2915953
1.53614e-06	-51.7499334
1.53616e-06	-56.0812952
1.53618e-06	-52.9747962
1.5362e-06	-52.0860309
1.53622e-06	-52.1289325
1.53624e-06	-53.4163597
1.53626e-06	-51.8346717
1.53628e-06	-53.1043803
1.5363e-06	-52.8470246
1.53632e-06	-52.5453973
1.53634e-06	-53.377952
1.53636e-06	-52.8931315
1.53638e-06	-52.2283647
1.5364e-06	-52.9049886
1.53642e-06	-50.9809529
1.53644e-06	-49.6230254
1.53646e-06	-48.3942895
1.53648e-06	-46.6654014
1.5365e-06	-46.2827805
1.53652e-06	-45.2155932
1.53654e-06	-44.4130483
1.53656e-06	-43.6731154
1.53658e-06	-43.2417141
1.5366e-06	-43.0560899
1.53662e-06	-42.645108
1.53664e-06	-42.6345562
1.53666e-06	-42.9002178
1.53668e-06	-43.0335567
1.5367e-06	-43.9230107
1.53672e-06	-44.4548351
1.53674e-06	-45.2470623
1.53676e-06	-46.6709341
1.53678e-06	-47.2724033
1.5368e-06	-48.8612817
1.53682e-06	-49.6150715
1.53684e-06	-51.3843474
1.53686e-06	-51.7937193
1.53688e-06	-51.6847103
1.5369e-06	-52.5268518
1.53692e-06	-53.9587067
1.53694e-06	-54.2284694
1.53696e-06	-53.3817859
1.53698e-06	-53.8235065
1.537e-06	-53.3087196
1.53702e-06	-53.4083929
1.53704e-06	-53.5347643
1.53706e-06	-53.9375618
1.53708e-06	-54.9002222
1.5371e-06	-53.04895
1.53712e-06	-53.3222349
1.53714e-06	-53.6544955
1.53716e-06	-52.8410246
1.53718e-06	-52.5833274
1.5372e-06	-52.841025
1.53722e-06	-51.0899708
1.53724e-06	-51.4375195
1.53726e-06	-49.4564502
1.53728e-06	-48.1141641
1.5373e-06	-47.2306832
1.53732e-06	-46.4398845
1.53734e-06	-45.7069534
1.53736e-06	-45.1560114
1.53738e-06	-44.6229677
1.5374e-06	-44.2942433
1.53742e-06	-44.0418954
1.53744e-06	-43.9568932
1.53746e-06	-44.3486211
1.53748e-06	-44.5436245
1.5375e-06	-45.6449291
1.53752e-06	-46.3312783
1.53754e-06	-46.8105967
1.53756e-06	-48.0885564
1.53758e-06	-49.0706469
1.5376e-06	-49.6001799
1.53762e-06	-51.492427
1.53764e-06	-51.600692
1.53766e-06	-52.3221745
1.53768e-06	-51.9885366
1.5377e-06	-52.2125965
1.53772e-06	-53.3856365
1.53774e-06	-53.9932797
1.53776e-06	-52.3639898
1.53778e-06	-52.1189322
1.5378e-06	-55.1982911
1.53782e-06	-53.0975251
1.53784e-06	-53.1883114
1.53786e-06	-53.9719461
1.53788e-06	-54.9711575
1.5379e-06	-55.0745144
1.53792e-06	-53.0275977
1.53794e-06	-53.8116147
1.53796e-06	-54.4949572
1.53798e-06	-53.0758411
1.538e-06	-52.6941739
1.53802e-06	-51.5470902
1.53804e-06	-49.7942471
1.53806e-06	-49.8962384
1.53808e-06	-49.3945002
1.5381e-06	-48.578103
1.53812e-06	-48.6499947
1.53814e-06	-48.2630986
1.53816e-06	-47.358239
1.53818e-06	-46.2077847
1.5382e-06	-45.960319
1.53822e-06	-45.4438371
1.53824e-06	-44.779695
1.53826e-06	-44.5535214
1.53828e-06	-44.2112721
1.5383e-06	-44.8189741
1.53832e-06	-45.1069814
1.53834e-06	-45.735324
1.53836e-06	-46.866467
1.53838e-06	-47.5589913
1.5384e-06	-49.5164244
1.53842e-06	-51.0641448
1.53844e-06	-52.051245
1.53846e-06	-54.5140718
1.53848e-06	-53.4416129
1.5385e-06	-53.2728339
1.53852e-06	-50.705418
1.53854e-06	-54.1153232
1.53856e-06	-54.0322348
1.53858e-06	-52.6515463
1.5386e-06	-53.3307984
1.53862e-06	-53.0075971
1.53864e-06	-52.0026233
1.53866e-06	-53.8574854
1.53868e-06	-52.5773274
1.5387e-06	-54.6979901
1.53872e-06	-52.9297545
1.53874e-06	-52.9457464
1.53876e-06	-53.6958388
1.53878e-06	-52.2400013
1.5388e-06	-50.2259803
1.53882e-06	-48.8626573
1.53884e-06	-47.5083085
1.53886e-06	-46.3004409
1.53888e-06	-45.530119
1.5389e-06	-44.8091211
1.53892e-06	-44.2102003
1.53894e-06	-44.2435519
1.53896e-06	-44.1231934
1.53898e-06	-44.6782476
1.539e-06	-44.77237
1.53902e-06	-45.9029678
1.53904e-06	-46.4271396
1.53906e-06	-46.7035997
1.53908e-06	-47.6400755
1.5391e-06	-48.9639426
1.53912e-06	-48.4796036
1.53914e-06	-48.6669087
1.53916e-06	-49.4802077
1.53918e-06	-50.016977
1.5392e-06	-51.5937782
1.53922e-06	-53.3307984
1.53924e-06	-52.5333969
1.53926e-06	-52.6565401
1.53928e-06	-51.2552694
1.5393e-06	-52.6665438
1.53932e-06	-52.7423166
1.53934e-06	-53.8116147
1.53936e-06	-51.4438412
1.53938e-06	-52.3760181
1.5394e-06	-53.0621062
1.53942e-06	-52.3549923
1.53944e-06	-52.366661
1.53946e-06	-52.9617962
1.53948e-06	-51.6528538
1.5395e-06	-52.2105965
1.53952e-06	-52.773
1.53954e-06	-51.9227775
1.53956e-06	-52.8090732
1.53958e-06	-52.446848
1.5396e-06	-50.3740745
1.53962e-06	-49.8253746
1.53964e-06	-48.8689185
1.53966e-06	-48.7759297
1.53968e-06	-48.1700849
1.5397e-06	-47.0349966
1.53972e-06	-46.305647
1.53974e-06	-45.5214135
1.53976e-06	-44.6095577
1.53978e-06	-43.8880596
1.5398e-06	-43.1773009
1.53982e-06	-42.8471439
1.53984e-06	-42.8004126
1.53986e-06	-42.8295606
1.53988e-06	-43.1358178
1.5399e-06	-43.7355286
1.53992e-06	-44.4936202
1.53994e-06	-45.5330249
1.53996e-06	-46.962352
1.53998e-06	-47.9364205
1.54e-06	-49.1772504
1.54002e-06	-52.3340682
1.54004e-06	-51.3208931
1.54006e-06	-52.6217065
1.54008e-06	-52.59307
1.5401e-06	-52.5053553
1.54012e-06	-51.7258215
1.54014e-06	-53.1109831
1.54016e-06	-52.0750303
1.54018e-06	-52.1598268
1.5402e-06	-52.8536705
1.54022e-06	-52.4785066
1.54024e-06	-52.6108628
1.54026e-06	-51.7652575
1.54028e-06	-51.902534
1.5403e-06	-51.4205911
1.54032e-06	-52.8556701
1.54034e-06	-51.8909674
1.54036e-06	-50.8179191
1.54038e-06	-49.1141834
1.5404e-06	-48.8384839
1.54042e-06	-48.5539599
1.54044e-06	-47.6915763
1.54046e-06	-46.663029
1.54048e-06	-45.7260903
1.5405e-06	-45.1133467
1.54052e-06	-44.2644486
1.54054e-06	-43.5008263
1.54056e-06	-42.5498358
1.54058e-06	-41.9293484
1.5406e-06	-41.4674237
1.54062e-06	-41.2099176
1.54064e-06	-41.2756889
1.54066e-06	-41.4464981
1.54068e-06	-41.9177758
1.5407e-06	-42.7353597
1.54072e-06	-43.6704496
1.54074e-06	-45.0555972
1.54076e-06	-46.7404956
1.54078e-06	-48.7239811
1.5408e-06	-50.3802215
1.54082e-06	-52.8344353
1.54084e-06	-51.6333123
1.54086e-06	-52.8823725
1.54088e-06	-52.4925066
1.5409e-06	-51.4269629
1.54092e-06	-51.2940342
1.54094e-06	-51.767078
1.54096e-06	-51.7448379
1.54098e-06	-50.7821857
1.541e-06	-51.8282637
1.54102e-06	-51.6967109
1.54104e-06	-51.6020593
1.54106e-06	-51.1363968
1.54108e-06	-52.1912068
1.5411e-06	-51.5104265
1.54112e-06	-51.2080586
1.54114e-06	-50.4585528
1.54116e-06	-49.9567778
1.54118e-06	-47.9695429
1.5412e-06	-47.2006632
1.54122e-06	-46.1533851
1.54124e-06	-45.019123
1.54126e-06	-44.2892067
1.54128e-06	-43.3274426
1.5413e-06	-42.2474468
1.54132e-06	-41.5927456
1.54134e-06	-40.8278837
1.54136e-06	-40.3216951
1.54138e-06	-39.8545225
1.5414e-06	-39.7873258
1.54142e-06	-39.8125319
1.54144e-06	-40.1006301
1.54146e-06	-40.6686275
1.54148e-06	-41.3353147
1.5415e-06	-42.2136358
1.54152e-06	-43.3660746
1.54154e-06	-45.0741941
1.54156e-06	-46.6283186
1.54158e-06	-48.9949429
1.5416e-06	-49.9992781
1.54162e-06	-50.1137704
1.54164e-06	-51.0445146
1.54166e-06	-51.0702532
1.54168e-06	-50.6908587
1.5417e-06	-51.3538931
1.54172e-06	-51.0764195
1.54174e-06	-51.783078
1.54176e-06	-51.2139408
1.54178e-06	-50.9796147
1.5418e-06	-51.1777606
1.54182e-06	-51.3853806
1.54184e-06	-50.8479196
1.54186e-06	-50.3484814
1.54188e-06	-50.178168
1.5419e-06	-50.8685671
1.54192e-06	-50.1949987
1.54194e-06	-49.0881897
1.54196e-06	-47.9166698
1.54198e-06	-46.8277959
1.542e-06	-45.4385119
1.54202e-06	-44.3433635
1.54204e-06	-43.2614598
1.54206e-06	-42.361602
1.54208e-06	-41.4821796
1.5421e-06	-40.4717336
1.54212e-06	-39.6130837
1.54214e-06	-38.9086422
1.54216e-06	-38.3302179
1.54218e-06	-37.9692415
1.5422e-06	-37.7556118
1.54222e-06	-37.8013288
1.54224e-06	-38.1941667
1.54226e-06	-38.6408172
1.54228e-06	-39.3793034
1.5423e-06	-40.27549
1.54232e-06	-41.4565679
1.54234e-06	-43.108127
1.54236e-06	-45.1960067
1.54238e-06	-46.9691658
1.5424e-06	-48.9290557
1.54242e-06	-49.4578819
1.54244e-06	-50.9127602
1.54246e-06	-51.0851797
1.54248e-06	-50.1319893
1.5425e-06	-49.6090064
1.54252e-06	-49.6385963
1.54254e-06	-50.1500442
1.54256e-06	-50.049977
1.54258e-06	-49.8040467
1.5426e-06	-49.9611087
1.54262e-06	-49.7427787
1.54264e-06	-49.8495718
1.54266e-06	-49.8887276
1.54268e-06	-49.3216917
1.5427e-06	-49.3866078
1.54272e-06	-48.8562763
1.54274e-06	-48.1217912
1.54276e-06	-46.5192798
1.54278e-06	-44.808252
1.5428e-06	-43.1753125
1.54282e-06	-41.7860759
1.54284e-06	-40.5599219
1.54286e-06	-39.578546
1.54288e-06	-38.6524132
1.5429e-06	-37.7913858
1.54292e-06	-37.1997703
1.54294e-06	-36.581773
1.54296e-06	-36.3200374
1.54298e-06	-36.3598578
1.543e-06	-36.5176379
1.54302e-06	-36.9320688
1.54304e-06	-37.5453644
1.54306e-06	-38.3550303
1.54308e-06	-39.177257
1.5431e-06	-40.2346755
1.54312e-06	-41.6440166
1.54314e-06	-42.9761533
1.54316e-06	-45.0494652
1.54318e-06	-47.0371002
1.5432e-06	-48.1430621
1.54322e-06	-49.1966483
1.54324e-06	-48.6680489
1.54326e-06	-49.6593891
1.54328e-06	-49.834783
1.5433e-06	-49.6658694
1.54332e-06	-49.1245687
1.54334e-06	-49.2747462
1.54336e-06	-49.0916469
1.54338e-06	-48.8794044
1.5434e-06	-48.8794044
1.54342e-06	-48.9933526
1.54344e-06	-49.635025
1.54346e-06	-48.8648884
1.54348e-06	-48.4446901
1.5435e-06	-48.8971894
1.54352e-06	-47.2380367
1.54354e-06	-46.0796199
1.54356e-06	-44.7617685
1.54358e-06	-43.1428921
1.5436e-06	-42.1250443
1.54362e-06	-40.9358202
1.54364e-06	-39.7777621
1.54366e-06	-38.9082298
1.54368e-06	-37.8821138
1.5437e-06	-37.0004665
1.54372e-06	-36.2006338
1.54374e-06	-35.5484653
1.54376e-06	-35.0915318
1.54378e-06	-34.9500727
1.5438e-06	-35.0403661
1.54382e-06	-35.3010382
1.54384e-06	-35.902097
1.54386e-06	-36.7066867
1.54388e-06	-37.6093714
1.5439e-06	-38.7300598
1.54392e-06	-40.2154462
1.54394e-06	-42.1721563
1.54396e-06	-44.5229879
1.54398e-06	-47.1894201
1.544e-06	-48.175428
1.54402e-06	-48.6176074
1.54404e-06	-48.6709623
1.54406e-06	-48.5436087
1.54408e-06	-48.008388
1.5441e-06	-48.8661612
1.54412e-06	-49.1898879
1.54414e-06	-48.7745686
1.54416e-06	-48.4851611
1.54418e-06	-47.9416409
1.5442e-06	-47.8141288
1.54422e-06	-48.8557006
1.54424e-06	-48.3070649
1.54426e-06	-48.5263428
1.54428e-06	-48.3705806
1.5443e-06	-48.1890846
1.54432e-06	-46.4070326
1.54434e-06	-45.2218983
1.54436e-06	-44.0322437
1.54438e-06	-42.72237
1.5444e-06	-41.6940196
1.54442e-06	-40.5471669
1.54444e-06	-39.5079679
1.54446e-06	-38.5948554
1.54448e-06	-37.7202241
1.5445e-06	-36.7785016
1.54452e-06	-35.9905497
1.54454e-06	-35.3450743
1.54456e-06	-34.7984581
1.54458e-06	-34.5617978
1.5446e-06	-34.5203703
1.54462e-06	-34.6666546
1.54464e-06	-35.0194713
1.54466e-06	-35.5489817
1.54468e-06	-35.3355006
1.5447e-06	-34.9072581
1.54472e-06	-35.4823132
1.54474e-06	-36.5067597
1.54476e-06	-40.6647841
1.54478e-06	-45.0037412
1.5448e-06	-47.1478262
1.54482e-06	-47.7157364
1.54484e-06	-47.841756
1.54486e-06	-47.8995149
1.54488e-06	-48.244365
1.5449e-06	-47.8280276
1.54492e-06	-48.282291
1.54494e-06	-48.2551675
1.54496e-06	-48.1387955
1.54498e-06	-48.0579654
1.545e-06	-47.9796127
1.54502e-06	-47.8202361
1.54504e-06	-47.8349318
1.54506e-06	-48.020388
1.54508e-06	-47.4681348
1.5451e-06	-46.7890677
1.54512e-06	-41.5527986
1.54514e-06	-38.7221555
1.54516e-06	-37.9906433
1.54518e-06	-37.3388692
1.5452e-06	-37.9853921
1.54522e-06	-37.9210337
1.54524e-06	-37.4327546
1.54526e-06	-36.9938665
1.54528e-06	-36.3809406
1.5453e-06	-35.7415997
1.54532e-06	-35.0657886
1.54534e-06	-34.6002668
1.54536e-06	-34.144906
1.54538e-06	-33.9357617
1.5454e-06	-33.9269812
1.54542e-06	-34.1929121
1.54544e-06	-34.6936268
1.54546e-06	-35.2712658
1.54548e-06	-35.0745323
1.5455e-06	-35.2585191
1.54552e-06	-36.0234917
1.54554e-06	-37.9101316
1.54556e-06	-42.7454682
1.54558e-06	-45.4721458
1.5456e-06	-47.2887528
1.54562e-06	-47.5149103
1.54564e-06	-47.7019154
1.54566e-06	-47.5778002
1.54568e-06	-47.4886838
1.5457e-06	-47.8962449
1.54572e-06	-47.8429318
1.54574e-06	-48.1741934
1.54576e-06	-47.7195763
1.54578e-06	-47.5718802
1.5458e-06	-48.1225564
1.54582e-06	-47.7709461
1.54584e-06	-47.4100147
1.54586e-06	-47.8619608
1.54588e-06	-48.0432089
1.5459e-06	-46.1098566
1.54592e-06	-41.5386108
1.54594e-06	-39.5922285
1.54596e-06	-38.7405887
1.54598e-06	-38.2199005
1.546e-06	-38.4761393
1.54602e-06	-37.9021142
1.54604e-06	-37.2512213
1.54606e-06	-36.4989506
1.54608e-06	-35.7962604
1.5461e-06	-35.1392803
1.54612e-06	-34.6768435
1.54614e-06	-34.2979946
1.54616e-06	-34.039489
1.54618e-06	-34.0262367
1.5462e-06	-34.2729268
1.54622e-06	-34.7251162
1.54624e-06	-35.25119
1.54626e-06	-35.7579241
1.54628e-06	-35.0153288
1.5463e-06	-35.1358618
1.54632e-06	-35.9023536
1.54634e-06	-38.1722396
1.54636e-06	-42.6420488
1.54638e-06	-45.3053066
1.5464e-06	-47.0470167
1.54642e-06	-47.6526184
1.54644e-06	-47.8273489
1.54646e-06	-47.9111938
1.54648e-06	-47.7932896
1.5465e-06	-47.7884455
1.54652e-06	-47.3214803
1.54654e-06	-47.6690714
1.54656e-06	-47.5574792
1.54658e-06	-47.2432081
1.5466e-06	-47.4666274
1.54662e-06	-47.7037493
1.54664e-06	-47.7355161
1.54666e-06	-47.9461942
1.54668e-06	-47.7355161
1.5467e-06	-46.1737222
1.54672e-06	-41.619426
1.54674e-06	-39.7831773
1.54676e-06	-38.7391774
1.54678e-06	-38.1207193
1.5468e-06	-38.1269952
1.54682e-06	-37.3867854
1.54684e-06	-36.7064285
1.54686e-06	-36.0968819
1.54688e-06	-35.4684158
1.5469e-06	-34.8547218
1.54692e-06	-34.3899856
1.54694e-06	-33.9008286
1.54696e-06	-33.5218897
1.54698e-06	-33.4657024
1.547e-06	-33.5895574
1.54702e-06	-33.9698021
1.54704e-06	-34.5407828
1.54706e-06	-35.054331
1.54708e-06	-34.9092654
1.5471e-06	-35.7308063
1.54712e-06	-36.8309921
1.54714e-06	-39.9077683
1.54716e-06	-44.8141833
1.54718e-06	-46.5986467
1.5472e-06	-47.4631341
1.54722e-06	-47.4273561
1.54724e-06	-47.449683
1.54726e-06	-47.8824156
1.54728e-06	-47.5447295
1.5473e-06	-47.3566718
1.54732e-06	-47.6559649
1.54734e-06	-47.3566713
1.54736e-06	-47.7245763
1.54738e-06	-47.3391787
1.5474e-06	-47.5493085
1.54742e-06	-47.9221646
1.54744e-06	-47.4407381
1.54746e-06	-47.1380542
1.54748e-06	-46.8213941
1.5475e-06	-45.2090169
1.54752e-06	-40.9588325
1.54754e-06	-39.1925942
1.54756e-06	-37.8333578
1.54758e-06	-37.8140836
1.5476e-06	-38.1526632
1.54762e-06	-38.3184284
1.54764e-06	-38.0046776
1.54766e-06	-37.4936658
1.54768e-06	-36.8535688
1.5477e-06	-36.1169442
1.54772e-06	-35.4600624
1.54774e-06	-34.7421672
1.54776e-06	-34.0674593
1.54778e-06	-33.5801804
1.5478e-06	-33.3721911
1.54782e-06	-33.3784983
1.54784e-06	-33.5011929
1.54786e-06	-33.8825874
1.54788e-06	-33.5410535
1.5479e-06	-33.736504
1.54792e-06	-34.5586542
1.54794e-06	-36.5484269
1.54796e-06	-41.59826
1.54798e-06	-45.2255285
1.548e-06	-47.4586459
1.54802e-06	-47.7365161
1.54804e-06	-47.3087348
1.54806e-06	-47.1638262
1.54808e-06	-47.6380056
1.5481e-06	-47.3698374
1.54812e-06	-47.39629
1.54814e-06	-47.3435454
1.54816e-06	-47.2271613
1.54818e-06	-47.6069487
1.5482e-06	-47.81959
1.54822e-06	-47.2924338
1.54824e-06	-47.8489318
1.54826e-06	-47.3489162
1.54828e-06	-47.6149173
1.5483e-06	-47.0367896
1.54832e-06	-47.0174879
1.54834e-06	-45.3274795
1.54836e-06	-42.6824604
1.54838e-06	-40.5536752
1.5484e-06	-38.8855243
1.54842e-06	-37.5265283
1.54844e-06	-36.3830257
1.54846e-06	-35.4458715
1.54848e-06	-34.7276818
1.5485e-06	-34.1349054
1.54852e-06	-33.7777511
1.54854e-06	-33.7197478
1.54856e-06	-33.7382987
1.54858e-06	-34.088203
1.5486e-06	-34.6469855
1.54862e-06	-35.3015012
1.54864e-06	-36.1430694
1.54866e-06	-37.3893585
1.54868e-06	-38.9212873
1.5487e-06	-40.8264227
1.54872e-06	-43.2487221
1.54874e-06	-45.7388969
1.54876e-06	-47.2985925
1.54878e-06	-47.2749038
1.5488e-06	-47.3616722
1.54882e-06	-47.1364217
1.54884e-06	-47.3868399
1.54886e-06	-47.4601624
1.54888e-06	-47.415577
1.5489e-06	-47.3060757
1.54892e-06	-47.2673212
1.54894e-06	-47.2683216
1.54896e-06	-47.5372635
1.54898e-06	-47.8549318
1.549e-06	-47.3602918
1.54902e-06	-47.417577
1.54904e-06	-47.282201
1.54906e-06	-47.6616179
1.54908e-06	-47.4220147
1.5491e-06	-47.5435873
1.54912e-06	-47.201268
1.54914e-06	-47.4629089
1.54916e-06	-47.9501767
1.54918e-06	-47.8657565
1.5492e-06	-47.2139472
1.54922e-06	-47.5172757
1.54924e-06	-47.2029714
1.54926e-06	-47.4901348
1.54928e-06	-47.726428
1.5493e-06	-47.40529
1.54932e-06	-47.4008699
1.54934e-06	-47.1331867
1.54936e-06	-47.8776034
1.54938e-06	-47.1321105
1.5494e-06	-47.5593085
1.54942e-06	-47.4388413
1.54944e-06	-47.7131667
1.54946e-06	-47.5638914
1.54948e-06	-47.6706614
1.5495e-06	-47.0427219
1.54952e-06	-46.6478426
1.54954e-06	-45.2602893
1.54956e-06	-43.5464602
1.54958e-06	-41.4853666
1.5496e-06	-40.0265371
1.54962e-06	-38.7460581
1.54964e-06	-37.540997
1.54966e-06	-36.6683472
1.54968e-06	-35.9296974
1.5497e-06	-35.3863181
1.54972e-06	-35.1333819
1.54974e-06	-35.1404595
1.54976e-06	-35.3704767
1.54978e-06	-35.8418707
1.5498e-06	-36.4742702
1.54982e-06	-37.4360152
1.54984e-06	-38.3787119
1.54986e-06	-39.4881072
1.54988e-06	-40.6720717
1.5499e-06	-42.0590942
1.54992e-06	-43.7741832
1.54994e-06	-45.3148439
1.54996e-06	-46.3832783
1.54998e-06	-46.8392699
1.55e-06	-47.4327167
1.55002e-06	-47.7134236
1.55004e-06	-47.3760557
1.55006e-06	-47.2677564
1.55008e-06	-47.3280711
1.5501e-06	-47.1809228
1.55012e-06	-47.2592081
1.55014e-06	-47.5918802
1.55016e-06	-47.5872725
1.55018e-06	-46.9628268
1.5502e-06	-47.054862
1.55022e-06	-46.6804006
1.55024e-06	-47.0834718
1.55026e-06	-47.3338594
1.55028e-06	-47.2849038
1.5503e-06	-46.6953751
1.55032e-06	-46.1830512
1.55034e-06	-45.0639825
1.55036e-06	-42.6929729
1.55038e-06	-40.6572319
1.5504e-06	-39.1782681
1.55042e-06	-37.9731264
1.55044e-06	-36.8458633
1.55046e-06	-35.8845151
1.55048e-06	-35.1816653
1.5505e-06	-34.6664988
1.55052e-06	-34.4398718
1.55054e-06	-34.4175502
1.55056e-06	-34.5910203
1.55058e-06	-35.0479521
1.5506e-06	-35.7113906
1.55062e-06	-36.4690772
1.55064e-06	-37.5734465
1.55066e-06	-38.6892064
1.55068e-06	-39.9198276
1.5507e-06	-41.2420106
1.55072e-06	-42.7397223
1.55074e-06	-44.358539
1.55076e-06	-45.6692251
1.55078e-06	-46.8568073
1.5508e-06	-47.3858374
1.55082e-06	-47.3675627
1.55084e-06	-47.6542265
1.55086e-06	-47.2869038
1.55088e-06	-47.2356632
1.5509e-06	-47.2612081
1.55092e-06	-47.3503633
1.55094e-06	-47.1432643
1.55096e-06	-47.6402256
1.55098e-06	-46.8929703
1.551e-06	-46.9824765
1.55102e-06	-47.0741875
1.55104e-06	-47.1070237
1.55106e-06	-47.2281816
1.55108e-06	-47.2543864
1.5511e-06	-46.6983747
1.55112e-06	-45.8897713
1.55114e-06	-44.3799188
1.55116e-06	-41.9599958
1.55118e-06	-39.5907857
1.5512e-06	-37.7865569
1.55122e-06	-36.4742812
1.55124e-06	-35.4355159
1.55126e-06	-34.4673361
1.55128e-06	-33.6521444
1.5513e-06	-33.1005155
1.55132e-06	-32.830498
1.55134e-06	-32.7495582
1.55136e-06	-32.8440626
1.55138e-06	-33.2099774
1.5514e-06	-33.8243673
1.55142e-06	-34.6609859
1.55144e-06	-35.6090869
1.55146e-06	-36.7632654
1.55148e-06	-37.9600506
1.5515e-06	-39.3533533
1.55152e-06	-40.919958
1.55154e-06	-42.6674673
1.55156e-06	-44.5916926
1.55158e-06	-45.4603308
1.5516e-06	-45.9210141
1.55162e-06	-47.0126083
1.55164e-06	-47.0375405
1.55166e-06	-46.5472794
1.55168e-06	-46.6277014
1.5517e-06	-46.912972
1.55172e-06	-47.2494168
1.55174e-06	-46.8861309
1.55176e-06	-46.7826714
1.55178e-06	-46.2984512
1.5518e-06	-46.4829751
1.55182e-06	-46.6397841
1.55184e-06	-46.2070945
1.55186e-06	-46.4835701
1.55188e-06	-46.9668268
1.5519e-06	-46.3778186
1.55192e-06	-45.4585119
1.55194e-06	-44.0223314
1.55196e-06	-41.8297005
1.55198e-06	-39.6047003
1.552e-06	-37.9670679
1.55202e-06	-36.6984061
1.55204e-06	-35.6321978
1.55206e-06	-34.5724462
1.55208e-06	-33.7101058
1.5521e-06	-33.1575651
1.55212e-06	-32.7836769
1.55214e-06	-32.6008721
1.55216e-06	-32.6962943
1.55218e-06	-33.1162945
1.5522e-06	-33.6647574
1.55222e-06	-34.5144413
1.55224e-06	-35.5316167
1.55226e-06	-36.5877507
1.55228e-06	-37.6847757
1.5523e-06	-39.067259
1.55232e-06	-40.8887119
1.55234e-06	-42.6497475
1.55236e-06	-43.9450807
1.55238e-06	-45.5076861
1.5524e-06	-46.2721816
1.55242e-06	-46.4243286
1.55244e-06	-46.60762
1.55246e-06	-46.5240003
1.55248e-06	-46.5832165
1.5525e-06	-46.2687851
1.55252e-06	-46.4952883
1.55254e-06	-47.0966808
1.55256e-06	-46.6383189
1.55258e-06	-46.6444844
1.5526e-06	-46.3823026
1.55262e-06	-46.9038227
1.55264e-06	-46.787496
1.55266e-06	-46.507826
1.55268e-06	-46.2080945
1.5527e-06	-46.4810034
1.55272e-06	-45.7750589
1.55274e-06	-43.8309327
1.55276e-06	-41.0928034
1.55278e-06	-38.9016563
1.5528e-06	-37.1163429
1.55282e-06	-35.6384091
1.55284e-06	-34.4853326
1.55286e-06	-33.5251628
1.55288e-06	-32.7325408
1.5529e-06	-32.1340619
1.55292e-06	-31.7422872
1.55294e-06	-31.6333845
1.55296e-06	-31.6702069
1.55298e-06	-32.0765671
1.553e-06	-32.6348321
1.55302e-06	-33.328064
1.55304e-06	-34.1955008
1.55306e-06	-35.2359931
1.55308e-06	-36.4581556
1.5531e-06	-37.7866307
1.55312e-06	-39.2888288
1.55314e-06	-41.0849058
1.55316e-06	-43.0920875
1.55318e-06	-44.3512433
1.5532e-06	-45.4118666
1.55322e-06	-46.0021179
1.55324e-06	-46.0005217
1.55326e-06	-46.1681003
1.55328e-06	-45.8146352
1.5533e-06	-46.0245279
1.55332e-06	-46.1936094
1.55334e-06	-45.8545749
1.55336e-06	-45.945018
1.55338e-06	-45.9957363
1.5534e-06	-46.3263194
1.55342e-06	-45.9544831
1.55344e-06	-45.7780903
1.55346e-06	-45.8115776
1.55348e-06	-45.8284186
1.5535e-06	-45.5391447
1.55352e-06	-45.6085834
1.55354e-06	-44.4439281
1.55356e-06	-42.8899105
1.55358e-06	-41.0313757
1.5536e-06	-39.5823362
1.55362e-06	-38.3570603
1.55364e-06	-37.2700117
1.55366e-06	-36.3316268
1.55368e-06	-35.5832109
1.5537e-06	-34.9485135
1.55372e-06	-34.4404529
1.55374e-06	-34.174906
1.55376e-06	-34.194658
1.55378e-06	-34.3640899
1.5538e-06	-34.8462583
1.55382e-06	-35.5296115
1.55384e-06	-36.3007332
1.55386e-06	-37.1113932
1.55388e-06	-38.0123168
1.5539e-06	-39.1959076
1.55392e-06	-40.3575654
1.55394e-06	-41.6380875
1.55396e-06	-43.0934488
1.55398e-06	-44.2158232
1.554e-06	-45.1495747
1.55402e-06	-45.8207557
1.55404e-06	-45.9324307
1.55406e-06	-45.7953088
1.55408e-06	-45.6378465
1.5541e-06	-46.021319
1.55412e-06	-46.0085091
1.55414e-06	-45.9925495
1.55416e-06	-45.6910236
1.55418e-06	-45.5276786
1.5542e-06	-45.667309
1.55422e-06	-45.7049165
1.55424e-06	-45.6261178
1.55426e-06	-45.6969724
1.55428e-06	-46.018113
1.5543e-06	-45.6017831
1.55432e-06	-45.6673084
1.55434e-06	-45.6910236
1.55436e-06	-45.5795154
1.55438e-06	-45.7323373
1.5544e-06	-45.7629534
1.55442e-06	-45.4314218
1.55444e-06	-45.8146352
1.55446e-06	-45.6751996
1.55448e-06	-45.7659769
1.5545e-06	-45.5969325
1.55452e-06	-45.6202648
1.55454e-06	-45.7649681
1.55456e-06	-45.5679429
1.55458e-06	-45.7780903
1.5546e-06	-45.5650541
1.55462e-06	-45.2949901
1.55464e-06	-45.591119
1.55466e-06	-45.5105364
1.55468e-06	-45.4118663
1.5547e-06	-45.591119
1.55472e-06	-45.1182
1.55474e-06	-43.7203372
1.55476e-06	-41.7439962
1.55478e-06	-40.2664079
1.5548e-06	-38.7889858
1.55482e-06	-37.6900117
1.55484e-06	-36.3622383
1.55486e-06	-35.2696827
1.55488e-06	-34.4175232
1.5549e-06	-33.6024667
1.55492e-06	-32.73941
1.55494e-06	-31.947625
1.55496e-06	-31.3369877
1.55498e-06	-30.9601665
1.555e-06	-30.8296999
1.55502e-06	-30.9009959
1.55504e-06	-31.099523
1.55506e-06	-31.4315679
1.55508e-06	-32.1042483
1.5551e-06	-33.3271036
1.55512e-06	-35.3397315
1.55514e-06	-37.4403457
1.55516e-06	-40.2706761
1.55518e-06	-43.0195724
1.5552e-06	-44.3641742
1.55522e-06	-45.2793892
1.55524e-06	-44.9265916
1.55526e-06	-45.0045241
1.55528e-06	-44.7579914
1.5553e-06	-45.1306332
1.55532e-06	-44.8179199
1.55534e-06	-44.8622904
1.55536e-06	-44.6561385
1.55538e-06	-44.7126921
1.5554e-06	-44.8382172
1.55542e-06	-44.7079514
1.55544e-06	-44.5497618
1.55546e-06	-44.7436355
1.55548e-06	-44.9893307
1.5555e-06	-44.7651874
1.55552e-06	-44.6351198
1.55554e-06	-44.0007681
1.55556e-06	-41.4090365
1.55558e-06	-38.3322338
1.5556e-06	-37.2341941
1.55562e-06	-36.3485223
1.55564e-06	-36.4223705
1.55566e-06	-35.9359239
1.55568e-06	-35.0578021
1.5557e-06	-34.0821027
1.55572e-06	-33.0867001
1.55574e-06	-32.1728221
1.55576e-06	-31.370617
1.55578e-06	-30.723679
1.5558e-06	-30.1822223
1.55582e-06	-29.9771997
1.55584e-06	-30.0377086
1.55586e-06	-30.3264098
1.55588e-06	-30.7970735
1.5559e-06	-31.5010717
1.55592e-06	-32.6471064
1.55594e-06	-34.3772843
1.55596e-06	-37.1512382
1.55598e-06	-39.9967085
1.556e-06	-42.5718879
1.55602e-06	-44.2620015
1.55604e-06	-44.7719915
1.55606e-06	-44.9485695
1.55608e-06	-44.8402172
1.5561e-06	-44.6628234
1.55612e-06	-44.6745577
1.55614e-06	-44.8290564
1.55616e-06	-44.659871
1.55618e-06	-44.5143632
1.5562e-06	-44.7327079
1.55622e-06	-44.7374746
1.55624e-06	-44.5329033
1.55626e-06	-44.9300842
1.55628e-06	-44.8903787
1.5563e-06	-44.8986207
1.55632e-06	-44.5416336
1.55634e-06	-43.4454207
1.55636e-06	-41.6727659
1.55638e-06	-40.1508137
1.5564e-06	-38.4450285
1.55642e-06	-37.3667465
1.55644e-06	-36.0607107
1.55646e-06	-34.8409235
1.55648e-06	-33.9386878
1.5565e-06	-33.0707447
1.55652e-06	-32.1737913
1.55654e-06	-31.3319948
1.55656e-06	-30.8091841
1.55658e-06	-30.3752406
1.5566e-06	-30.2308672
1.55662e-06	-30.3438165
1.55664e-06	-30.7246141
1.55666e-06	-31.2885162
1.55668e-06	-32.0003431
1.5567e-06	-32.5582931
1.55672e-06	-33.415307
1.55674e-06	-34.687508
1.55676e-06	-37.1128054
1.55678e-06	-39.9469406
1.5568e-06	-42.3362939
1.55682e-06	-44.1326372
1.55684e-06	-44.3282922
1.55686e-06	-44.4471585
1.55688e-06	-44.5871565
1.5569e-06	-44.4573313
1.55692e-06	-44.6377821
1.55694e-06	-44.446159
1.55696e-06	-44.6921524
1.55698e-06	-44.6799677
1.557e-06	-44.5068351
1.55702e-06	-44.7512005
1.55704e-06	-44.6296267
1.55706e-06	-44.563782
1.55708e-06	-44.5660759
1.5571e-06	-44.7356676
1.55712e-06	-44.2991559
1.55714e-06	-43.9242419
1.55716e-06	-42.4174393
1.55718e-06	-40.9272403
1.5572e-06	-39.1452289
1.55722e-06	-37.650037
1.55724e-06	-36.0316395
1.55726e-06	-34.7260284
1.55728e-06	-33.7904874
1.5573e-06	-32.9224796
1.55732e-06	-32.041004
1.55734e-06	-31.257391
1.55736e-06	-30.7322844
1.55738e-06	-30.3275322
1.5574e-06	-30.2307841
1.55742e-06	-30.3484113
1.55744e-06	-30.7404063
1.55746e-06	-31.3204872
1.55748e-06	-32.0837371
1.5575e-06	-32.9443284
1.55752e-06	-33.9056113
1.55754e-06	-35.2869569
1.55756e-06	-37.508953
1.55758e-06	-39.7216948
1.5576e-06	-41.8187323
1.55762e-06	-43.7032582
1.55764e-06	-44.6628601
1.55766e-06	-44.7890912
1.55768e-06	-45.0054466
1.5577e-06	-44.9541025
1.55772e-06	-45.1649814
1.55774e-06	-44.7148134
1.55776e-06	-45.1104266
1.55778e-06	-44.94157
1.5578e-06	-45.0198646
1.55782e-06	-44.8206216
1.55784e-06	-44.7625885
1.55786e-06	-44.9717099
1.55788e-06	-44.8636615
1.5579e-06	-44.8792632
1.55792e-06	-45.0061408
1.55794e-06	-44.9380674
1.55796e-06	-44.3428789
1.55798e-06	-42.7958776
1.558e-06	-40.2232265
1.55802e-06	-37.8569449
1.55804e-06	-35.7769465
1.55806e-06	-34.352213
1.55808e-06	-33.3163079
1.5581e-06	-32.4904751
1.55812e-06	-31.8201338
1.55814e-06	-31.3295706
1.55816e-06	-31.1088624
1.55818e-06	-31.1220751
1.5582e-06	-31.3632757
1.55822e-06	-31.8296231
1.55824e-06	-32.5310626
1.55826e-06	-33.3882416
1.55828e-06	-34.2239111
1.5583e-06	-34.9195259
1.55832e-06	-35.6332414
1.55834e-06	-36.5403524
1.55836e-06	-37.5879994
1.55838e-06	-38.8087525
1.5584e-06	-40.2940601
1.55842e-06	-41.7746833
1.55844e-06	-44.4692672
1.55846e-06	-45.2016895
1.55848e-06	-45.3394795
1.5585e-06	-45.3992952
1.55852e-06	-45.2568983
1.55854e-06	-45.4002232
1.55856e-06	-45.3937309
1.55858e-06	-45.4048666
1.5586e-06	-45.2206805
1.55862e-06	-45.5378892
1.55864e-06	-45.5235426
1.55866e-06	-45.5494003
1.55868e-06	-45.4940421
1.5587e-06	-45.724838
1.55872e-06	-45.8900021
1.55874e-06	-45.3760817
1.55876e-06	-44.6955825
1.55878e-06	-43.9750272
1.5588e-06	-42.542545
1.55882e-06	-41.0418832
1.55884e-06	-39.3542703
1.55886e-06	-37.9520451
1.55888e-06	-36.6934063
1.5589e-06	-35.6715578
1.55892e-06	-34.8674613
1.55894e-06	-34.0162385
1.55896e-06	-33.3097579
1.55898e-06	-32.8295049
1.559e-06	-32.4978826
1.55902e-06	-32.4822513
1.55904e-06	-32.6559358
1.55906e-06	-33.1207883
1.55908e-06	-33.7650564
1.5591e-06	-34.4439202
1.55912e-06	-35.2433372
1.55914e-06	-36.1629962
1.55916e-06	-37.5556064
1.55918e-06	-39.3849261
1.5592e-06	-41.22854
1.55922e-06	-43.37786
1.55924e-06	-45.0667167
1.55926e-06	-45.8538443
1.55928e-06	-46.1947474
1.5593e-06	-46.0727735
1.55932e-06	-46.1737198
1.55934e-06	-46.1174711
1.55936e-06	-46.238587
1.55938e-06	-46.0619415
1.5594e-06	-46.3469736
1.55942e-06	-46.3875975
1.55944e-06	-46.4238987
1.55946e-06	-46.2816175
1.55948e-06	-46.1737195
1.5595e-06	-46.4452985
1.55952e-06	-46.4334946
1.55954e-06	-46.233082
1.55956e-06	-46.1456077
1.55958e-06	-45.8179528
1.5596e-06	-44.5655619
1.55962e-06	-42.3052591
1.55964e-06	-39.7684854
1.55966e-06	-38.0111518
1.55968e-06	-36.6879062
1.5597e-06	-35.5849746
1.55972e-06	-34.6542095
1.55974e-06	-34.1711406
1.55976e-06	-33.7218847
1.55978e-06	-33.5297084
1.5598e-06	-33.610938
1.55982e-06	-33.9816262
1.55984e-06	-34.5585274
1.55986e-06	-35.2511001
1.55988e-06	-36.1497127
1.5599e-06	-37.125447
1.55992e-06	-38.1570846
1.55994e-06	-39.0493805
1.55996e-06	-39.9693147
1.55998e-06	-40.8002619
1.56e-06	-41.4814976
1.56002e-06	-42.7554329
1.56004e-06	-44.0848954
1.56006e-06	-46.2707952
1.56008e-06	-46.7268234
1.5601e-06	-47.2413868
1.56012e-06	-46.9283014
1.56014e-06	-47.0154387
1.56016e-06	-47.1972676
1.56018e-06	-47.0937104
1.5602e-06	-47.0765746
1.56022e-06	-47.2868086
1.56024e-06	-47.0755742
1.56026e-06	-46.918377
1.56028e-06	-47.1752176
1.5603e-06	-47.0961456
1.56032e-06	-47.0663733
1.56034e-06	-47.719428
1.56036e-06	-47.2633216
1.56038e-06	-47.0609143
1.5604e-06	-46.8117879
1.56042e-06	-45.9040141
1.56044e-06	-42.8064114
1.56046e-06	-41.4102616
1.56048e-06	-41.1027693
1.5605e-06	-41.4559337
1.56052e-06	-41.4608158
1.56054e-06	-40.7385343
1.56056e-06	-39.9573289
1.56058e-06	-39.0790656
1.5606e-06	-38.4670739
1.56062e-06	-37.7897765
1.56064e-06	-37.173773
1.56066e-06	-36.7775094
1.56068e-06	-36.6222814
1.5607e-06	-36.659758
1.56072e-06	-36.958241
1.56074e-06	-37.5909289
1.56076e-06	-38.6841808
1.56078e-06	-40.4905391
1.5608e-06	-42.9961787
1.56082e-06	-46.1817474
1.56084e-06	-49.7770287
1.56086e-06	-51.5388985
1.56088e-06	-52.2475965
1.5609e-06	-51.3689277
1.56092e-06	-51.9177864
1.56094e-06	-52.982746
1.56096e-06	-52.2196285
1.56098e-06	-53.0300761
1.561e-06	-52.2737327
1.56102e-06	-51.8217193
1.56104e-06	-52.9764094
1.56106e-06	-51.6523126
1.56108e-06	-52.5393553
1.5611e-06	-52.1629777
1.56112e-06	-52.073226
1.56114e-06	-53.7298392
1.56116e-06	-51.7608379
1.56118e-06	-51.9064365
1.5612e-06	-53.2610128
1.56122e-06	-52.1245381
1.56124e-06	-52.4941535
1.56126e-06	-52.084245
1.56128e-06	-53.2771386
1.5613e-06	-53.8089103
1.56132e-06	-51.5444007
1.56134e-06	-53.9026815
1.56136e-06	-52.5897473
1.56138e-06	-51.5790902
1.5614e-06	-51.9674548
1.56142e-06	-52.3051804
1.56144e-06	-53.9615623
1.56146e-06	-52.9767464
1.56148e-06	-51.7477658
1.5615e-06	-52.8339018
1.56152e-06	-53.0729496
1.56154e-06	-52.4083611
1.56156e-06	-52.4483772
1.56158e-06	-52.4483772
1.5616e-06	-52.8174232
1.56162e-06	-52.3723556
1.56164e-06	-53.0393062
1.56166e-06	-52.5333553
1.56168e-06	-52.1569773
1.5617e-06	-52.801
1.56172e-06	-52.8630246
1.56174e-06	-53.1038407
1.56176e-06	-51.8465505
1.56178e-06	-53.6660884
1.5618e-06	-54.8219982
1.56182e-06	-52.6710671
1.56184e-06	-52.6338628
1.56186e-06	-52.5896347
1.56188e-06	-52.266002
1.5619e-06	-53.0363062
1.56192e-06	-52.1429322
1.56194e-06	-53.7377359
1.56196e-06	-52.8289014
1.56198e-06	-53.8366147
1.562e-06	-52.5462729
